OVERALL PERFORMANCE
Precision: 0.7284552845528456
Recall: 0.5969353764157228
F1: 0.6561699011351154

PERFORMANCE PER SLICES
                                           Precision    Recall        F1
Features       Slices                                                   
workclass      Private                      0.704459  0.590812  0.642650
               Self-emp-not-inc             0.740000  0.480519  0.582677
               Local-gov                    0.767677  0.550725  0.641350
               Self-emp-inc                 0.807339  0.704000  0.752137
               State-gov                    0.852459  0.666667  0.748201
               Federal-gov                  0.697368  0.757143  0.726027
               Without-pay                  1.000000  1.000000  1.000000
education      HS-grad                      0.576355  0.384868  0.461538
               Some-college                 0.702439  0.510638  0.591376
               Assoc-voc                    0.770833  0.420455  0.544118
               Bachelors                    0.726841  0.708333  0.717468
               Prof-school                  0.888889  0.941176  0.914286
               7th-8th                      1.000000  0.500000  0.666667
               Masters                      0.809249  0.777778  0.793201
               10th                         0.600000  0.300000  0.400000
               11th                         1.000000  0.375000  0.545455
               1st-4th                      1.000000  0.000000  0.000000
               12th                         1.000000  0.200000  0.333333
               Assoc-acdm                   0.756098  0.534483  0.626263
               5th-6th                      1.000000  0.000000  0.000000
               9th                          1.000000  0.142857  0.250000
               Doctorate                    0.854545  0.921569  0.886792
               Preschool                    1.000000  1.000000  1.000000
marital-status Never-married                0.935484  0.315217  0.471545
               Married-civ-spouse           0.723144  0.642358  0.680362
               Divorced                     0.666667  0.337349  0.448000
               Widowed                      1.000000  0.214286  0.352941
               Separated                    1.000000  0.307692  0.470588
               Married-spouse-absent        0.750000  0.500000  0.600000
               Married-AF-spouse            1.000000  0.250000  0.400000
occupation     Sales                        0.688312  0.554974  0.614493
               Adm-clerical                 0.674157  0.560748  0.612245
               Transport-moving             0.625000  0.362319  0.458716
               Craft-repair                 0.655172  0.426966  0.517007
               Machine-op-inspct            0.692308  0.360000  0.473684
               Protective-serv              0.685714  0.489796  0.571429
               Prof-specialty               0.786982  0.728767  0.756757
               Other-service                0.500000  0.142857  0.222222
               Farming-fishing              1.000000  0.421053  0.592593
               Handlers-cleaners            0.500000  0.235294  0.320000
               Exec-managerial              0.763231  0.715405  0.738544
               Tech-support                 0.620000  0.607843  0.613861
               Priv-house-serv              1.000000  1.000000  1.000000
               Armed-Forces                 1.000000  1.000000  1.000000
relationship   Not-in-family                0.797101  0.335366  0.472103
               Own-child                    1.000000  0.166667  0.285714
               Husband                      0.715686  0.646018  0.679070
               Unmarried                    0.769231  0.312500  0.444444
               Wife                         0.784000  0.640523  0.705036
               Other-relative               1.000000  0.100000  0.181818
race           Asian-Pac-Islander           0.630435  0.604167  0.617021
               White                        0.733214  0.602206  0.661284
               Black                        0.733333  0.511628  0.602740
               Other                        0.333333  0.333333  0.333333
               Amer-Indian-Eskimo           0.750000  0.750000  0.750000
sex            Female                       0.772152  0.539823  0.635417
               Male                         0.722015  0.607059  0.659565
native-country United-States                0.735088  0.598999  0.660102
               El-Salvador                  1.000000  1.000000  1.000000
               Jamaica                      1.000000  0.666667  0.800000
               Cuba                         0.666667  1.000000  0.800000
               Poland                       0.000000  0.000000  0.000000
               Mexico                       0.000000  0.000000  0.000000
               Peru                         1.000000  0.000000  0.000000
               Nicaragua                    1.000000  0.500000  0.666667
               China                        0.600000  0.750000  0.666667
               Philippines                  0.727273  0.615385  0.666667
               Iran                         0.200000  0.500000  0.285714
               Germany                      0.857143  0.545455  0.666667
               Yugoslavia                   0.500000  0.333333  0.400000
               Dominican-Republic           1.000000  0.500000  0.666667
               Columbia                     1.000000  1.000000  1.000000
               England                      0.666667  1.000000  0.800000
               Cambodia                     1.000000  1.000000  1.000000
               Puerto-Rico                  0.500000  1.000000  0.666667
               Haiti                        1.000000  1.000000  1.000000
               Hong                         1.000000  0.333333  0.500000
               Ecuador                      0.000000  0.000000  0.000000
               Vietnam                      0.000000  1.000000  0.000000
               Guatemala                    1.000000  0.000000  0.000000
               South                        0.500000  1.000000  0.666667
               India                        0.363636  0.666667  0.470588
               Canada                       1.000000  0.400000  0.571429
               Japan                        1.000000  0.666667  0.800000
               France                       1.000000  0.500000  0.666667
               Greece                       1.000000  0.500000  0.666667
               Italy                        1.000000  0.400000  0.571429
               Thailand                     1.000000  0.000000  0.000000
               Trinadad&Tobago              1.000000  1.000000  1.000000
               Laos                         1.000000  1.000000  1.000000
               Taiwan                       1.000000  0.500000  0.666667
               Outlying-US(Guam-USVI-etc)   1.000000  1.000000  1.000000
               Portugal                     1.000000  1.000000  1.000000
               Ireland                      1.000000  1.000000  1.000000
               Hungary                      1.000000  1.000000  1.000000
               Honduras                     1.000000  1.000000  1.000000
